nm_pol,assassination,theft,gang_rape,burglary,rape,assualt_attack,harassment(sexual),totalcrime,totarea,long,lat,area,crime/area
CHITRANJAN PARK,4,442,2,35,7,19,8,512,2659329.537,77.2492,28.53632,2.659329537,192.5297308
DABRI,10,240,1,82,29,28,17,397,3401013.4280000003,77.086,28.612679999999997,3.401013428,116.7299125
MALVIYA NAGAR,5,694,2,36,29,65,16,837,1379853.572,77.20418000000001,28.52989,1.3798535719999998,606.5861022
CHANDNI MAHAL,3,529,2,26,9,21,8,588,5570696.132,77.23608,28.64361,5.570696132,105.5523378
MODEL TOWN,2,393,2,45,5,11,15,466,2689157.085,77.19369,28.70257,2.689157085,173.2885009
ANANDVIHAR,12,457,1,102,15,26,16,619,4558969.692,77.29373000000001,28.65335,4.558969692,135.77629199999998
KASHMERE GATE,2,340,4,20,10,19,13,398,1627909.9740000002,77.22618,28.66645,1.627909974,244.4852641
GOVIND PURI,3,692,3,31,5,7,6,741,8992712.06,77.26531999999999,28.53067,8.99271206,82.40005852
BINDAPUR,6,417,1,67,5,13,9,509,2568079.5,77.06618,28.6091,2.5680794999999996,198.2025868
NEW FRIENDS COLONY,8,609,1,50,8,16,11,694,4045386.71,77.2676,28.562340000000003,4.04538671,171.5534385
SARITA VIHAR,3,211,0,15,13,10,2,245,7942774.025,77.30617,28.522990000000004,7.942774025,30.84564653
TIMARPUR,8,626,1,63,18,25,6,740,6149745.103999999,77.2242,28.7072,6.149745104,120.3301905
KANJHAWALA,1,307,2,18,6,23,11,361,35490190.9,77.00361,28.725820000000002,35.4901909,10.17182469
ANAND PARBAT,5,374,1,80,21,37,10,521,1948430.2859999998,77.17376,28.660040000000002,1.948430286,267.394735
SAGARPUR,2,180,0,14,8,6,5,208,1283551.172,77.08644,28.591390000000004,1.2835511720000001,162.0504149
PRASHANT VIHAR,7,457,0,44,9,41,15,566,2076678.927,77.12756999999999,28.71793,2.0766789269999997,272.55055780000004
SOUTH CAMPUS,10,248,1,41,12,10,10,325,4518856.098,77.179,28.57051,4.5188560980000005,71.92085629
ROHINI SOUTH,6,560,0,99,15,26,6,705,2649542.395,77.1159,28.70236,2.649542395,266.0836835
PUNJABI BAGH,9,1251,0,67,25,56,20,1421,2577310.64,77.13276,28.674409999999998,2.57731064,551.349914
DWARKA NORTH,3,104,0,13,3,12,14,142,30068547.98,77.01564,28.603690000000004,30.06854798,4.722542641
BURARI,3,562,0,59,13,23,18,671,11333876.3,77.19735,28.73664,11.3338763,59.20304599999999
JAMA MASJID,4,317,0,16,20,12,2,364,3817050.224,77.23362,28.65284,3.817050224,95.36159563
ADRASH NAGAR,3,354,0,44,16,20,3,434,1646190.5269999998,77.17532,28.709840000000003,1.646190527,263.6389852
CHANAKYAPURI,1,649,2,43,8,22,5,723,10993452.52,77.19606,28.60337,10.99345252,65.76641857
PANDAV NAGAR,5,351,3,27,17,25,11,435,1470612.9780000001,77.30265,28.620379999999997,1.4706129780000001,295.79502310000004
MIANWALI NAGAR,1,400,1,49,13,29,8,495,1729847.8530000001,77.08879,28.67965,1.729847853,286.1523337
FATEHPUR BERI,7,683,0,63,11,9,10,776,35895594.95,77.15114,28.465490000000003,35.89559495,21.61825152
NABI KARIM,4,612,0,32,5,8,5,660,1799866.446,77.21754,28.64981,1.799866446,366.6938741
RAJOURI GARDEN,1,567,0,40,8,22,5,636,1731624.0569999998,77.11992,28.63969,1.7316240569999999,367.2852645
JAHANGIR PURI,1,441,1,20,24,38,6,525,2463668.046,77.17487,28.73358,2.463668046,213.0968906
KAMLA MARKET,4,107,0,8,12,9,6,139,3095888.3230000003,77.22621,28.64295,3.095888323,44.89826037
BARAKHAMBA ROAD,9,808,1,128,15,18,38,1011,3748441.999,77.22498,28.63089,3.7484419989999997,269.7120565
SAFDARJUNG ENCLAVE,2,83,0,4,7,5,10,106,2366255.942,77.20489,28.569340000000004,2.366255942,44.79650663
MUKHERJI NAGAR,1,789,0,57,8,14,8,873,6149745.103999999,77.20855999999999,28.70024,6.149745104,141.95710309999998
FARASH BAZAR,6,374,1,20,3,16,10,427,1721757.744,77.29224,28.66879,1.721757744,248.00236940000002
KALKAJI,2,141,0,20,9,10,2,179,2659329.537,77.25743,28.533209999999997,2.659329537,67.31019886
KALKAJI,2,141,0,20,9,10,2,179,2745338.744,77.25644,28.547279999999997,2.7453387439999997,65.20142565
PARSHAD NAGAR,1,466,2,39,12,8,13,536,4104570.166,77.18053,28.647840000000002,4.104570166,130.5861462
LODHI COLONY,0,168,0,20,5,15,6,208,2116960.63,77.24047,28.58744,2.11696063,98.25407096
INDERPURI,0,212,0,20,13,33,5,278,1255396.299,77.14501,28.630770000000002,1.255396299,221.44401749999997
OKHLA,6,174,3,11,27,15,14,244,1716036.19,77.27462,28.52678,1.71603619,142.1881435
SAMAYPURBADLI,0,74,0,8,2,9,2,90,3249865.0130000003,77.14219,28.72516,3.249865013,27.69345792
JAFFARPUR KALAN,2,719,1,38,11,10,5,781,70469487.22,76.91555,28.59572,70.46948722,11.08281089
MAYA PURI,3,256,2,17,22,28,17,344,2553754.816,77.12084,28.62657,2.553754816,134.7036128
AMAN VIHAR,10,487,1,87,14,25,12,633,3296887.934,77.06081,28.70965,3.296887934,191.9992467
VIJAY VIHAR,0,232,0,12,3,8,5,255,2649542.395,77.10186,28.71003,2.649542395,96.24303447
AMAR COLONY,3,484,1,91,14,17,40,647,1505936.6919999998,77.24093,28.559140000000003,1.505936692,429.6329345
ALIPUR,6,320,1,55,15,24,18,434,51545474.92,77.13913000000001,28.79903,51.54547492,8.419749759
MAHENDRA PARK,0,832,2,40,15,30,4,918,2463668.046,77.16418,28.725790000000003,2.463668046,372.61513439999993
VASANT KUNJ SOUTH,0,65,0,1,1,1,3,71,14105371.6,77.15236,28.53492,14.105371599999998,5.033543391
BHALSWA DAIRY,2,338,1,31,13,23,12,417,4498522.05,77.16574,28.742859999999997,4.49852205,92.69711149
BAWANA,6,383,3,93,20,13,8,526,40327922.92,77.04254,28.796540000000004,40.32792292,13.04307194
BEGUM PUR,0,413,0,76,4,7,4,499,35490190.9,77.05179,28.724490000000003,35.4901909,14.06022305
NARAINA,2,425,0,28,11,18,12,496,14937293.49,77.13776999999999,28.63356,14.93729349,33.20547998
NEB SARAI,3,626,2,38,20,21,13,718,8344724.018999999,77.21428,28.498929999999998,8.344724019,86.04239018
RAJINDER NAGAR,1,474,1,34,21,32,11,571,3013302.528,77.18285,28.63505,3.013302528,189.4930876
SHALIMAR BAGH,8,335,0,48,9,13,23,433,1281611.56,77.15711999999999,28.71681,1.28161156,337.855879
KESHAV PURAM,1,336,0,24,43,47,10,458,1352844.685,77.15977,28.68423,1.352844685,338.5458842
RANI BAGH,2,496,1,59,25,27,10,617,2974723.8880000003,77.11933,28.697840000000003,2.974723888,207.4142083
BARA HINDU RAO,6,284,2,38,20,10,10,367,1749323.881,77.20846,28.665390000000002,1.749323881,209.79534089999999
CONNAUGHT PLACE,1,800,0,58,11,38,6,909,5266891.996,77.21432,28.63,5.266891996,172.58755269999997
H. N. DIN,1,214,1,18,8,14,4,257,10316304.04,77.24417,28.59238,10.31630404,24.91202265
DARYA GANJ,4,180,0,22,5,8,6,222,5570696.132,77.24061999999999,28.6419,5.570696132,39.85139285
MANGOLPURI,8,116,1,12,15,29,10,186,2980192.3219999997,77.09163000000001,28.696640000000002,2.9801923219999997,62.41207947
VIVEKVIHAR,0,120,0,9,1,1,3,131,4731868.9969999995,77.30662,28.666759999999996,4.731868997,27.68462104
LAHORI GATE,9,244,2,10,12,20,5,302,2975208.7189999996,77.21885,28.65557,2.975208719,101.50548359999999
SULTAN PURI,0,631,0,69,9,16,7,729,1975070.3730000001,77.07856,28.70265,1.975070373,369.1007723
GEETA COLONY,3,254,0,12,6,9,11,292,1021961.219,77.27642,28.6554,1.021961219,285.72512789999996
CIVIL LINES,3,791,0,63,9,26,17,907,4215542.88,77.2215,28.688509999999997,4.21554288,215.15615559999998
ASHOK VIHAR,5,445,2,52,10,22,7,543,3536288.039,77.17432,28.69245,3.5362880389999996,153.5508403
TILAK NAGAR,7,466,3,44,29,27,8,584,1622207.446,77.10143000000001,28.638959999999997,1.622207446,360.003279
PALAM VILLAGE,4,192,3,22,9,19,4,253,1326803.624,77.08293,28.58809,1.326803624,190.6838324
MOTI NAGAR,2,814,0,44,24,41,24,949,3148605.142,77.14659,28.66013,3.148605142,301.4033063
HARI NAGAR,5,469,0,14,17,21,5,528,2386161.4790000003,77.09946,28.60935,2.386161479,221.27588790000001
PAHARGANJ,7,283,0,19,16,29,14,368,1728182.346,77.20931,28.64583,1.7281823459999999,212.94049249999998
SADAR BAZAR,4,379,0,13,3,3,4,406,2975208.7189999996,77.21115,28.653990000000004,2.975208719,136.4610144
SAROJINI NAGAR,1,347,0,25,5,6,0,384,1891342.634,77.19913000000001,28.57449,1.8913426340000001,203.0303727
NAJAFGARH,2,895,0,57,4,9,9,973,8461597.124,76.98269,28.60975,8.461597123999999,114.99011189999999
KAPASHERA,1,143,3,19,12,16,2,196,21500572.79,77.0872,28.52958,21.50057279,9.116036206
KALYANPURI,5,245,0,36,8,9,3,303,878452.7789,77.31708,28.61363,0.8784527790000001,344.92463030000005
BADAR PUR,4,318,1,59,11,10,8,411,2116989.6969999997,77.30357,28.49385,2.1169896969999997,194.14359950000002
SUBHASH PLACE,10,590,1,57,15,5,26,701,885072.498,77.14412,28.689009999999996,0.885072498,792.0255137999999
SUBZIMANDI,7,644,2,64,14,9,17,754,2975208.7189999996,77.20774,28.66917,2.975208719,253.42759819999998
MAURICE NAGAR,2,469,0,31,31,38,10,581,6149745.103999999,77.20652,28.69251,6.149745104,94.47546039
MANDIR MARG,5,817,4,53,24,68,15,983,9889059.631000001,77.20325,28.63857,9.889059631,99.40277809
TUGLAK ROAD,3,595,0,67,15,17,8,705,6857849.293,77.21117,28.59827,6.857849292999999,102.80190909999999
LAJPAT NAGAR,1,160,0,15,7,8,8,199,1505936.6919999998,77.24051999999999,28.56843,1.505936692,132.1436692
KRISHNA NAGAR,7,133,2,14,13,25,4,198,1904048.824,77.28072,28.666990000000002,1.904048824,103.9889301
PRASHANT VIHAR,7,457,0,44,8,39,14,566,6857849.293,77.23371999999999,28.60415,6.857849292999999,82.53316394
ANANDVIHAR,10,457,0,99,14,24,15,619,4558969.692,77.31306,28.65597,4.558969692,135.77629199999998
SWARUP NAGAR,4,443,1,52,23,31,6,560,12088114.57,77.1562,28.758409999999998,12.08811457,46.32649671
GREATER KAILASH,0,164,0,12,2,6,4,188,3793564.8430000003,77.23278,28.5541,3.793564843,49.55760816
VIKAS PURI,2,204,1,14,3,7,1,232,1247661.874,77.06834,28.62997,1.247661874,185.94781559999998
UTTAM NAGAR,2,1042,1,84,10,23,21,1180,2747375.479,77.06488,28.624990000000004,2.7473754789999996,429.50081229999995
DEFENCE COLONY,3,158,1,25,14,16,10,227,2480276.534,77.23337,28.56468,2.480276534,91.52205283
JAMIA NAGAR,9,261,4,20,23,23,5,345,7880690.981000001,77.29235,28.562070000000002,7.880690981,43.7778871
KASHMERE GATE,0,340,3,20,9,17,12,398,1627909.9740000002,77.2315,28.662540000000003,1.627909974,244.4852641
PULPRAHLAD PUR,2,389,1,41,15,24,9,481,3852127.6960000005,77.29099000000001,28.50165,3.852127696,124.86605790000002
SARITA VIHAR,1,211,0,12,12,8,1,245,6171102.991,77.28196,28.540459999999996,6.171102991000001,39.70116855
NANGLOI,3,838,5,61,13,23,15,955,2253261.514,77.06698,28.681990000000003,2.253261514,423.83007649999996
SAFDARJUNG ENCLAVE,2,83,0,1,7,3,10,106,3486811.523,77.19855,28.55848,3.486811523,30.40026664
HAUZQAZI,1,431,0,12,6,37,4,491,3095888.3230000003,77.22548,28.64335,3.095888323,158.5974521
DWARKA SOUTH,4,299,2,28,8,17,4,362,30068547.98,77.06666,28.57837,30.06854798,12.039158
PASCHIM VIHAR,2,526,0,48,13,13,30,632,3794663.797,77.10115,28.671120000000002,3.7946637969999997,166.54966919999998
BINDAPUR,4,417,1,64,4,11,8,509,2747375.479,77.06744,28.620459999999998,2.7473754789999996,185.2677233
TILAK MARG,8,294,1,36,19,16,7,381,3748441.999,77.23536999999999,28.618209999999998,3.7484419989999997,101.642229
RAJOURI GARDEN,1,567,0,37,7,20,4,636,1798942.9119999998,77.1196,28.65151,1.7989429119999998,353.5409577
SANGAM VIHAR,3,179,0,17,6,8,2,215,3105723.33,77.24299,28.50957,3.10572333,69.22702931
MAYURVIHAR,0,201,0,13,7,10,14,245,2111658.828,77.30367,28.607329999999997,2.111658828,116.0225301
SHAHBAD DAIRY,0,315,0,18,8,5,6,352,49822649.53,77.07894,28.747659999999996,49.82264953,7.0650598339999995
GANDHI NAGAR,1,313,0,32,2,5,1,354,1205110.7759999998,77.26733,28.65955,1.205110776,293.74892919999996
DWARKA SEC-23,4,437,0,28,1,4,1,475,30068547.98,77.05849,28.56411,30.06854798,15.79723771
RANJIT NAGAR,3,324,0,38,9,16,13,403,2003783.7619999999,77.15868,28.647509999999997,2.003783762,201.1195058
RANHOLA,3,319,2,45,15,47,33,464,11283823.51,77.03599,28.65375,11.28382351,41.120813299999995
SAKET,2,126,0,2,0,4,0,134,2732945.7180000003,77.22715,28.52882,2.7329457180000003,49.031343400000004
SHAKARPUR,4,266,0,38,2,13,4,327,3019451.7660000003,77.2703,28.63775,3.0194517660000004,108.2978055
PREETVIHAR,4,509,1,42,5,3,4,568,2272578.6980000003,77.29526,28.63852,2.2725786980000002,249.93633909999997
KIRTI NAGAR,6,203,2,16,16,23,8,274,1511976.155,77.13509,28.64053,1.511976155,181.21978909999999
HAUZ KHAS,4,367,1,17,10,15,3,417,2436526.458,77.20846999999999,28.549390000000002,2.4365264580000003,171.14527880000003
BAWANA,6,383,3,93,20,13,8,526,40327922.92,77.0228,28.806590000000003,40.32792292,13.04307194
KN KATJU MARG,1,273,0,14,3,8,4,303,8251478.932999999,77.12100000000001,28.73043,8.251478933,36.72069001
I.P. ESTATE,5,576,2,18,22,27,4,654,9253420.865,77.24722,28.6274,9.253420865,70.67656487
KOTALA MUBARAK PUR,7,467,5,28,2,48,14,571,1628367.164,77.22514,28.5759,1.6283671640000001,350.65801650000003
DELHI CANTT,1,246,0,27,7,9,3,293,42836353.41,77.12437,28.59872,42.83635341,6.839984655
D.B.G ROAD,4,397,1,57,11,18,12,500,1643641.889,77.19326,28.65258,1.643641889,304.2025173
KHYALA,5,663,6,33,18,60,11,793,2093069.914,77.11332,28.65761,2.093069914,378.869332
JAGATPURI,9,645,0,26,30,27,6,740,1021961.219,77.2839,28.643590000000003,1.021961219,724.0979267999999
PATEL NAGAR,2,437,2,47,6,10,13,517,4104570.166,77.15822,28.65237,4.104570166,125.9571597
VASANT VIHAR,2,41,1,5,5,5,3,62,14105371.6,77.16933,28.55797,14.105371599999998,4.395488595
KAROL BAGH,4,129,0,36,24,9,8,210,1643641.889,77.1932,28.652559999999998,1.643641889,127.76505729999998
SUNLIGHT COLONY,6,1273,0,82,27,40,5,1433,2112193.774,77.26018,28.57835,2.112193774,678.4415415
NARELA,6,316,0,17,17,38,6,400,20333276.97,77.08849000000001,28.853209999999997,20.33327697,19.67218568
NEW ASHOK NAGAR,2,945,2,126,18,52,34,1179,3300804.937,77.31178,28.59818,3.3008049369999997,357.1856024
PARLIAMENT STREET,7,368,0,29,5,18,12,439,5266891.996,77.21366,28.62473,5.266891996,83.35086429
NIHAL VIHAR,1,437,3,39,6,14,9,509,3660010.619,77.0717,28.665,3.660010619,139.07063480000002
MADHUVIHAR,4,623,1,9,23,40,7,707,4995712.6219999995,77.30611999999999,28.625429999999998,4.995712622,141.5213511
BHARAT NAGAR,3,256,0,44,5,15,18,341,1939521.8180000002,77.17851,28.68062,1.939521818,175.8165321
MANDAWALI,2,522,1,15,9,21,23,593,4995712.6219999995,77.30611999999999,28.625429999999998,4.995712622,118.70178390000001
BABA HARI DAS NAGAR,2,409,1,67,9,17,7,512,28982133.58,76.96681,28.62867,28.98213358,17.66605618
CHHAWLA,2,480,0,62,6,15,10,575,26309445.59,76.99466,28.586909999999996,26.30944559,21.855268600000002
MEHRAULI,0,541,1,21,5,23,21,612,38911866.78,77.18019,28.521490000000004,38.91186678,15.7278499
MAURYA ENCLAVE,4,359,1,28,14,45,21,472,5879256.003,77.14605,28.70045,5.879256002999999,80.28226697
JANAK PURI,8,403,5,31,16,25,3,491,2051115.2340000002,77.08188,28.628629999999998,2.051115234,239.3819674
SARAI ROHILLA,0,320,1,15,14,11,2,363,1948430.2859999998,77.18368000000001,28.66837,1.948430286,186.30381730000002
GULABIBAGH,1,295,1,22,0,2,2,323,2218660.1780000003,77.19261999999999,28.67005,2.218660178,145.5833585
ROOP NAGAR,10,436,1,31,16,25,13,532,1076492.634,77.20265,28.684990000000003,1.076492634,494.19752930000004
VASANT KUNJ NORTH,2,648,0,35,8,14,2,709,14105371.6,77.15231999999999,28.53486,14.105371599999998,50.26453893
ROHINI NORTH,2,425,1,18,18,23,9,496,2076678.927,77.11815,28.708940000000002,2.0766789269999997,238.84289159999997
GHAZIPUR,0,107,0,1,2,1,1,112,2886810.13,77.33267,28.624859999999998,2.88681013,38.79714804
SEEMAPURI,1,263,0,16,2,14,11,307,4731868.9969999995,77.31653,28.678109999999997,4.731868997,64.8792264
SEELAMPUR,4,411,1,46,16,12,12,502,1576237.38,77.26855,28.6743,1.57623738,318.4799488
MANSAROVAR PARK,7,336,0,17,29,30,20,439,2231365.619,77.29856,28.68277,2.231365619,196.74050549999998
SHAHDARA,1,142,0,8,11,47,15,224,2231365.619,77.28518000000001,28.6742,2.231365619,100.386955
KHAJURIKHAS,2,175,0,20,7,24,6,234,4453887.398,77.2561,28.711129999999997,4.453887398,52.53837358
JYOTI NAGAR,8,160,2,11,13,11,18,223,1275858.528,77.2917,28.69612,1.2758585279999999,174.7842688
HARSH VIHAR,2,471,0,23,9,17,7,529,2572204.895,77.31849,28.70603,2.572204895,205.6601327
MUNDKA,1,239,0,11,5,11,3,270,48582358.64,76.96085,28.67042,48.58235864,5.557572904
BHAJANPURI,3,193,4,25,19,19,28,291,10157991.64,77.2644,28.70128,10.15799164,28.64739511
ZAFRABAD,1,66,0,3,2,4,3,79,1576237.38,77.27297,28.679090000000002,1.57623738,50.11935449
WELCOME,0,337,0,15,2,5,5,364,1805524.407,77.27479,28.673409999999997,1.8055244069999998,201.6034779
NANDNAGARI,9,580,2,30,26,34,11,692,2028156.97,77.30816999999999,28.698529999999998,2.02815697,341.1964707
G.T.B. ENCLAVE,1,86,0,13,1,6,7,114,2874304.374,77.316,28.684959999999997,2.874304374,39.66177035
NEW USMANPUR,0,580,1,10,8,9,5,613,3093393.387,77.26207,28.67202,3.093393387,198.1642563
SONIA VIHAR,6,300,1,25,25,42,8,407,4453887.398,77.25610999999999,28.71128,4.453887398,91.38084635
KARAWAL NAGAR,7,334,2,26,15,19,7,410,2937546.578,77.2745,28.732840000000003,2.937546578,139.572255
GOKULPURI,2,306,2,22,6,19,8,365,1566343.791,77.28085,28.70225,1.566343791,233.02674810000002
